12
20
0 6 0
0 10 0
0 4 0
0 7 0
6 3 6
10 3 10
10 1 10
4 1 4
4 5 4
7 8 7
7 2 7
3 9 3 
1 9 1
5 1 5
5 8 5
8 1 8
8 9 8
2 9 2
2 11 2
9 11 9
14
23
0 1 0
0 2 0
1 5 2
1 4 2
1 2 2
2 4 3
2 8 3
2 3 3
10 2 4
10 7 4
4 5 6
4 6 6
4 8 6
5 7 2
5 6 2
6 4 6
3 7 5
3 9 5
7 8 6
8 9 1
11 12 1
11 13 1
13 12 2
10
18
0 1 0
0 2 0
1 5 2
1 2 2
1 4 2
2 4 3
2 8 3
2 3 3
4 5 6
4 6 6
4 8 6
5 7 2
5 6 2
6 4 6 
3 7 5
3 9 5
7 8 6
8 9 1
15
23
0 1 0
0 2 0
1 3 2
1 6 2
2 6 5
3 4 4
4 5 1
6 5 2
6 7 2
6 13 2
6 11 2
7 8 5
7 12 5
8 12 5
8 9 5
8 5 5
9 10 9
9 12 9
5 14 9
11 13 19
10 12 2
13 14 1
12 14 5
12
16
0 7 0
0 4 0
0 6 0
7 2 7
7 8 7
4 5 4
4 1 4
6 10 6
6 3 6
2 11 2
5 8 5
8 9 8
1 9 1
10 1 10
3 9 3
9 11 9
12
18
0 7 0
0 5 0
0 4 0
0 10 0
0 6 0
7 2 7
7 8 7
5 8 5
5 1 5
4 1 4
10 1 10
10 3 10
6 3 6
2 9 2
8 9 8
1 9 1
3 9 3
9 11 9
12
15
0 7 0
7 2 7
7 8 7
2 11 2
8 11 8
5 8 5
4 5 4
9 4 9
4 1 4
1 9 1
3 9 3
6 3 6
6 10 6
10 6 10
10 1 10
12
15
0 7 0
7 2 7
2 11 2
0 6 0
6 3 6
3 11 3
7 8 7
8 9 8
5 8 5
4 5 4
4 1 4
9 4 9
1 9 1
6 10 6
10 1 10
10
18
0 1 0
1 5 2
5 6 2
6 9 1
0 2 0
2 3 3
3 9 5
1 2 2
1 4 2
2 4 3
2 8 3
4 5 6
4 6 6
4 8 6
3 7 5
5 7 2
7 8 6
8 9 1
12
20
0 6 0
6 3 6
3 9 3
9 11 9
0 7 0
7 2 7
2 11 2
0 10 0
0 4 0
10 3 10
10 1 10
4 1 4
4 5 4
5 8 5
5 1 5
8 1 8
8 9 8
1 9 1
7 8 7
2 9 2
11
13
6 3 6
3 0 3
6 10 6
10 1 10
1 9 1
9 4 9
4 5 4
5 8 5
8 9 8
8 0 8
7 8 7
7 2 7
2 0 2
12
16
0 7 0
7 2 7
2 11 2
0 6 0
6 3 6
3 9 3
9 11 9
0 4 0
4 1 5
1 9 -1
6 10 6
10 1 10
4 5 4
5 8 5
7 8 7
8 9 8
10
18
0 1 0
1 5 2
5 6 2
6 9 1
0 2 0
2 3 3
3 9 5
1 2 2
1 4 2
2 4 3
3 7 5
4 5 6
4 6 6
4 8 6
5 7 2
7 8 6
8 9 1
8 2 3